0 0.3067129625 0.188078703125 0.3790509265625 0.23726851875000002 0.38194444375000003 0.10127314843749999 0.30381944375000003 0.0231481484375 0.1620370375 0.0144675921875 0.078125 0.037615740625 0.0173611109375 0.0925925921875 0.0636574078125 0.1302083328125 0.15335648125 0.15914351875 0.21122685156249998 0.1765046296875 0.266203703125 0.1359953703125 0.3067129625 0.188078703125
0 0.5640625 0.52109375 0.121875 0.196875
0 0.16328125 0.55703125 0.20625 0.11875
0 0.0546875 0.4296875 0.1046875 0.1078125
0 0.171875 0.26640625 0.1421875 0.1046875
0 0.30546875 0.32578125 0.084375 0.13125
0 0.1 0.67578125 0.1890625 0.084375
0 0.703125 0.69453125 0.2140625 0.128125
0 0.14921875 0.9015625 0.0734375 0.078125
0 0.36640625 0.74375 0.03125 0.0515625
0 0.36484375 0.4140625 0.053125 0.046875
0 0.371875 0.59140625 0.0546875 0.0671875
0 0.78984375 0.21015625 0.2546875 0.1421875
0 0.765625 0.3546875 0.1078125 0.1484375
0 0.79453125 0.8609375 0.0953125 0.0375
0 0.7453125 0.9390625 0.0671875 0.0375
0 0.3671875 0.6609375 0.075 0.0734375
0 0.965625 0.28828125 0.06875 0.0671875
0 0.11015625 0.3515625 0.0703125 0.0609375
0 0.7421875 0.80703125 0.084375 0.0640625
0 0.3515625 0.92421875 0.05 0.1015625