0 0.9119167875 0.003427128125 0.8728354984375001 0.0515271765625 0.8427729671874999 0.14472101875 0.82473545 0.20484607968750002 0.8668229921874999 0.2619648859375 0.8127104390625 0.304052428125 0.7616041359375 0.3792087546875 0.902898028125 0.38221500625 0.9840668593749999 0.301046175 0.99308561875 0.1537397796875 0.9690355937499999 0.0665584421875 0.9119167875 0.003427128125
0 0.46640625 0.57109375 0.2046875 0.1265625
0 0.4296875 0.1546875 0.1234375 0.2140625
0 0.56328125 0.04765625 0.1109375 0.0953125
0 0.73125 0.1640625 0.109375 0.146875
0 0.66953125 0.303125 0.1375 0.0875
0 0.3078125 0.09296875 0.0875 0.1859375
0 0.28671875 0.715625 0.1328125 0.221875
0 0.07109375 0.140625 0.08125 0.0765625
0 0.23515625 0.36640625 0.053125 0.0328125
0 0.578125 0.3640625 0.0484375 0.05625
0 0.39375 0.371875 0.06875 0.05625
0 0.78984375 0.80625 0.146875 0.265625
0 0.63984375 0.78046875 0.153125 0.1125
0 0.11328125 0.8109375 0.0390625 0.1
0 0.0328125 0.759375 0.0390625 0.06875
0 0.32109375 0.3671875 0.0765625 0.078125
0 0.70859375 0.9765625 0.06875 0.046875
0 0.64296875 0.1 0.0625 0.0734375
0 0.16953125 0.75625 0.065625 0.0875
0 0.05078125 0.35078125 0.1015625 0.0515625