0 0 0.265913096875 0.002946128125 0.3140331890625 0.08411495937499999 0.39520201875 0.22540885 0.3921957671875 0.17430254843749998 0.3170394421875 0.1201899953125 0.27495189999999997 0.1622775375 0.21783309218750002 0.14424001875 0.1577080328125 0.1141774890625 0.064514190625 0.0750962 0.016414140625 0.0179773921875 0.07954545468749999 0 0.144713503125 0 0.265913096875
0 0.5203125 0.584375 0.2046875 0.1265625
0 0.5578125 0.16796875 0.1234375 0.2140625
0 0.425 0.05546875 0.1125 0.109375
0 0.25546875 0.1765625 0.109375 0.146875
0 0.3171875 0.315625 0.1375 0.0875
0 0.68125 0.10234375 0.0875 0.196875
0 0.70078125 0.72890625 0.1328125 0.221875
0 0.915625 0.153125 0.08125 0.0765625
0 0.7515625 0.37890625 0.053125 0.0328125
0 0.409375 0.37734375 0.0484375 0.05625
0 0.59296875 0.384375 0.06875 0.05625
0 0.196875 0.81875 0.146875 0.265625
0 0.34765625 0.79375 0.153125 0.1125
0 0.8734375 0.82421875 0.0390625 0.1
0 0.9546875 0.77265625 0.0390625 0.0703125
0 0.665625 0.3796875 0.0765625 0.078125
0 0.278125 0.9828125 0.06875 0.034375
0 0.34453125 0.1125 0.0625 0.0734375
0 0.8171875 0.76953125 0.065625 0.0875
0 0.9390625 0.36328125 0.10625 0.0515625