0 0.2921875 0.05546875 0.059375 0.0734375
0 0.340625 0.33203125 0.059375 0.0734375
0 0.4796875 0.140625 0.11875 0.1375
0 0.3234375 0.184375 0.0625 0.084375
0 0.26875 0.51171875 0.1625 0.265625
0 0.465625 0.3875 0.1921875 0.290625
0 0.53046875 0.63359375 0.1234375 0.0828125
0 0.54375 0.51328125 0.0875 0.0671875
0 0.7890625 0.51875 0.253125 0.171875
0 0.60390625 0.771875 0.06875 0.0984375
0 0.62578125 0.6484375 0.0625 0.1203125
0 0.68828125 0.6890625 0.0375 0.1953125
0 0.73828125 0.7 0.034375 0.0734375
0 0.146875 0.87890625 0.215625 0.2296875
0 0.43828125 0.896875 0.0625 0.0703125
0 0.71875 0.11328125 0.0765625 0.1265625
0 0.81953125 0.1328125 0.0625 0.08125
0 0.89453125 0.275 0.05625 0.0921875