0 0.71015625 0.9515625 0.059375 0.075
0 0.66171875 0.671875 0.059375 0.075
0 0.5203125 0.865625 0.1203125 0.1390625
0 0.67890625 0.82109375 0.0640625 0.084375
0 0.734375 0.48984375 0.165625 0.26875
0 0.53515625 0.615625 0.19375 0.29375
0 0.46953125 0.36640625 0.125 0.084375
0 0.45546875 0.48828125 0.0875 0.06875
0 0.20703125 0.4828125 0.25625 0.175
0 0.39453125 0.2265625 0.0703125 0.1
0 0.37265625 0.3515625 0.0640625 0.121875
0 0.309375 0.31015625 0.0390625 0.196875
0 0.25859375 0.29921875 0.0359375 0.075
0 0.8578125 0.11796875 0.21875 0.2328125
0 0.5625 0.1 0.0625 0.071875
0 0.278125 0.89296875 0.078125 0.128125
0 0.1765625 0.8734375 0.0625 0.08125
0 0.10078125 0.7296875 0.0578125 0.09375