0 0.70625 0.94921875 0.059375 0.075
0 0.65703125 0.6703125 0.059375 0.075
0 0.5171875 0.86328125 0.1203125 0.1375
0 0.67421875 0.81953125 0.0625 0.084375
0 0.7296875 0.48984375 0.1625 0.2671875
0 0.53125 0.61484375 0.19375 0.2921875
0 0.46640625 0.3671875 0.125 0.084375
0 0.453125 0.48828125 0.0875 0.06875
0 0.20625 0.4828125 0.2546875 0.1734375
0 0.3921875 0.228125 0.0703125 0.1
0 0.3703125 0.35234375 0.0640625 0.121875
0 0.30703125 0.3109375 0.0375 0.196875
0 0.25703125 0.3 0.034375 0.075
0 0.85234375 0.1203125 0.2171875 0.23125
0 0.55859375 0.10234375 0.0640625 0.071875
0 0.2765625 0.890625 0.078125 0.128125
0 0.175 0.87109375 0.0625 0.08125
0 0.1 0.728125 0.05625 0.09375