0 0.2015625 0.7421875 0.2890625 0.2890625
0 0.46953125 0.69453125 0.15625 0.19375
0 0.4421875 0.3859375 0.3 0.228125
0 0.190625 0.38046875 0.21875 0.14375
0 0.89921875 0.428125 0.2015625 0.15
0 0.665625 0.3203125 0.2078125 0.16875
0 0.771875 0.67265625 0.2921875 0.1796875
0 0.6078125 0.521875 0.134375 0.115625
0 0.8359375 0.45078125 0.146875 0.096875
0 0.44453125 0.87265625 0.215625 0.0828125
0 0.190625 0.74921875 0.23125 0.25
0 0.0375 0.753125 0.075 0.15625
0 0.85546875 0.20546875 0.15 0.096875
0 0.515625 0.1453125 0.0890625 0.1125
0 0.39765625 0.2015625 0.103125 0.096875
0 0.9828125 0.57109375 0.034375 0.08125
0 0.7171875 0.48359375 0.065625 0.0453125
0 0.21796875 0.53515625 0.134375 0.08125
0 0.621875 0.075 0.1671875 0.053125