0 0.609375 0.1546875 0.14375 0.096875
0 0.70625 0.19296875 0.0515625 0.071875
0 0.58046875 0.30625 0.2375 0.096875
0 0.196875 0.3125 0.1125 0.078125
0 0.03984375 0.31328125 0.0796875 0.0484375
0 0.01640625 0.678125 0.03125 0.1
0 0.115625 0.6625 0.10625 0.09375
0 0.271875 0.74921875 0.115625 0.09375
0 0.55625 0.7 0.19375 0.09375
0 0.77578125 0.76953125 0.1609375 0.0734375
0 0.87265625 0.85703125 0.10625 0.075
0 0.746875 0.85234375 0.0984375 0.084375
0 0.8375 0.4734375 0.109375 0.053125
0 0.95390625 0.43671875 0.090625 0.034375
0 0.33046875 0.61640625 0.253125 0.1640625
0 0.56484375 0.5078125 0.0671875 0.03125
0 0.13984375 0.04609375 0.09375 0.0609375
0 0.18359375 0.20390625 0.0484375 0.05
0 0.32578125 0.27421875 0.115625 0.075
0 0.29609375 0.165625 0.071875 0.0421875
0 0.034375 0.5125 0.06875 0.021875
0 0.0515625 0.43984375 0.0875 0.0484375
0 0.03984375 0.78984375 0.0796875 0.0421875
0 0.61484375 0.8234375 0.09375 0.040625
0 0.640625 0.61796875 0.115625 0.0609375
0 0.54921875 0.78046875 0.0515625 0.0375
0 0.12265625 0.14921875 0.0609375 0.034375
0 0.396875 0.1453125 0.075 0.0375
0 0.4109375 0.2140625 0.0546875 0.028125
0 0.359375 0.41640625 0.128125 0.04375
0 0.79609375 0.62265625 0.065625 0.053125
0 0.95625 0.65703125 0.0875 0.04375
0 0.8953125 0.7609375 0.071875 0.0375
0 0.571875 0.5078125 0.146875 0.0640625
0 0.08359375 0.47578125 0.0546875 0.025
0 0.24453125 0.0203125 0.0671875 0.028125