0 0.109375 0.13671875 0.14375 0.2734375
0 0.24765625 0.14296875 0.1015625 0.1625
0 0.34921875 0.2734375 0.1109375 0.203125
0 0.51171875 0.2484375 0.1953125 0.4140625
0 0.14609375 0.40078125 0.1671875 0.1625
0 0.1234375 0.5171875 0.078125 0.0765625
0 0.03828125 0.59140625 0.0640625 0.15625
0 0.14765625 0.6265625 0.0703125 0.090625
0 0.20859375 0.68984375 0.0546875 0.109375
0 0.27265625 0.53515625 0.1703125 0.128125
0 0.32421875 0.44921875 0.053125 0.065625
0 0.44140625 0.50546875 0.146875 0.2140625
0 0.3578125 0.72421875 0.221875 0.1921875
0 0.35078125 0.9140625 0.203125 0.171875
0 0.153125 0.88828125 0.16875 0.2140625
0 0.578125 0.60703125 0.13125 0.15625
0 0.6828125 0.4453125 0.0984375 0.140625
0 0.68203125 0.578125 0.0640625 0.0890625
0 0.7015625 0.16015625 0.1921875 0.1546875
0 0.93359375 0.2578125 0.121875 0.1515625
0 0.7765625 0.52890625 0.0734375 0.1359375
0 0.609375 0.771875 0.109375 0.1546875
0 0.81484375 0.75625 0.1171875 0.096875