0 0.1359375 0.10703125 0.271875 0.14375
0 0.140625 0.24609375 0.1625 0.103125
0 0.271875 0.3484375 0.2046875 0.1125
0 0.246875 0.51171875 0.415625 0.196875
0 0.4 0.14375 0.1625 0.16875
0 0.5171875 0.12109375 0.078125 0.078125
0 0.5921875 0.03515625 0.15625 0.065625
0 0.62734375 0.1453125 0.090625 0.071875
0 0.69140625 0.20703125 0.109375 0.0546875
0 0.53515625 0.27109375 0.128125 0.171875
0 0.44921875 0.3234375 0.065625 0.053125
0 0.50546875 0.44140625 0.215625 0.146875
0 0.72578125 0.35703125 0.19375 0.2234375
0 0.91484375 0.34921875 0.16875 0.2046875
0 0.890625 0.15078125 0.215625 0.16875
0 0.6078125 0.57890625 0.15625 0.13125
0 0.4453125 0.68359375 0.140625 0.1
0 0.57890625 0.6828125 0.090625 0.065625
0 0.1578125 0.703125 0.15625 0.19375
0 0.25625 0.9359375 0.153125 0.1234375
0 0.52890625 0.778125 0.1375 0.075
0 0.7734375 0.61015625 0.15625 0.109375
0 0.7578125 0.8171875 0.096875 0.1171875