0 0.1671875 0.38125 0.09375 0.1390625
0 0.2046875 0.28671875 0.0703125 0.05
0 0.31484375 0.409375 0.09375 0.2296875
0 0.32109375 0.78203125 0.075 0.109375
0 0.32265625 0.9390625 0.046875 0.0828125
0 0.6765625 0.97109375 0.096875 0.0578125
0 0.6609375 0.8609375 0.090625 0.103125
0 0.7453125 0.709375 0.090625 0.1125
0 0.69765625 0.4328125 0.090625 0.1890625
0 0.76484375 0.21953125 0.0703125 0.15625
0 0.85 0.125 0.071875 0.103125
0 0.8453125 0.24765625 0.08125 0.0953125
0 0.47734375 0.159375 0.0515625 0.10625
0 0.44140625 0.0453125 0.0328125 0.090625
0 0.61640625 0.65234375 0.159375 0.2453125
0 0.5109375 0.42421875 0.03125 0.065625
0 0.06171875 0.8375 0.059375 0.090625
0 0.215625 0.7953125 0.0484375 0.046875
0 0.28359375 0.65703125 0.071875 0.1125
0 0.178125 0.6859375 0.040625 0.0703125
0 0.515625 0.9484375 0.021875 0.0828125
0 0.44453125 0.9234375 0.046875 0.0859375
0 0.78671875 0.940625 0.040625 0.0859375
0 0.8171875 0.37578125 0.0390625 0.0921875
0 0.61796875 0.35078125 0.059375 0.1125
0 0.77578125 0.43984375 0.0359375 0.05
0 0.1625 0.85390625 0.0328125 0.059375
0 0.15859375 0.5875 0.0375 0.0734375
0 0.225 0.57421875 0.028125 0.053125
0 0.421875 0.62421875 0.0421875 0.1234375
0 0.62265625 0.2 0.0515625 0.0640625
0 0.65546875 0.04296875 0.0421875 0.0859375
0 0.75703125 0.103125 0.0359375 0.0703125
0 0.5109375 0.41796875 0.0625 0.1421875
0 0.4796875 0.8921875 0.025 0.053125
0 0.03671875 0.7359375 0.028125 0.065625