0 0.1359375 0.8953125 0.271875 0.146875
0 0.1390625 0.7546875 0.165625 0.103125
0 0.27109375 0.6515625 0.20625 0.1125
0 0.24609375 0.48671875 0.4203125 0.1984375
0 0.40078125 0.8578125 0.165625 0.16875
0 0.51875 0.88125 0.078125 0.0796875
0 0.59453125 0.9671875 0.159375 0.065625
0 0.63046875 0.85625 0.0921875 0.071875
0 0.69453125 0.79453125 0.1109375 0.05625
0 0.5375 0.7296875 0.13125 0.171875
0 0.45 0.67734375 0.065625 0.053125
0 0.50703125 0.5578125 0.2171875 0.15
0 0.7296875 0.64296875 0.1953125 0.225
0 0.9171875 0.65078125 0.165625 0.20625
0 0.89375 0.85078125 0.2125 0.171875
0 0.61015625 0.41875 0.159375 0.134375
0 0.44609375 0.3125 0.14375 0.1
0 0.58125 0.31328125 0.090625 0.065625
0 0.15625 0.29375 0.15625 0.1953125
0 0.2546875 0.06015625 0.153125 0.1203125
0 0.53125 0.2171875 0.1375 0.075
0 0.778125 0.3875 0.15625 0.1109375
0 0.76171875 0.17890625 0.0984375 0.11875