0 0.384375 0.16171875 0.140625 0.0953125
0 0.28828125 0.2 0.05 0.071875
0 0.4125 0.31171875 0.234375 0.0953125
0 0.79140625 0.31796875 0.1109375 0.0765625
0 0.95078125 0.31953125 0.084375 0.046875
0 0.9765625 0.67890625 0.046875 0.0984375
0 0.87109375 0.66328125 0.1046875 0.0921875
0 0.7171875 0.74921875 0.1140625 0.0921875
0 0.43671875 0.70078125 0.1921875 0.0921875
0 0.21953125 0.76875 0.159375 0.071875
0 0.1234375 0.85546875 0.1046875 0.071875
0 0.2484375 0.85078125 0.096875 0.0828125
0 0.15859375 0.47734375 0.1078125 0.053125
0 0.04453125 0.440625 0.0890625 0.034375
0 0.659375 0.61796875 0.25 0.1625
0 0.428125 0.5109375 0.065625 0.03125
0 0.84765625 0.0546875 0.0921875 0.059375
0 0.8046875 0.2109375 0.046875 0.05
0 0.6640625 0.28046875 0.1140625 0.071875
0 0.69375 0.17265625 0.071875 0.040625
0 0.95859375 0.515625 0.0828125 0.021875
0 0.93515625 0.44375 0.0875 0.046875
0 0.95234375 0.79140625 0.0875 0.0421875
0 0.37890625 0.821875 0.09375 0.040625
0 0.353125 0.61953125 0.1140625 0.059375
0 0.44375 0.78046875 0.05 0.0375
0 0.8640625 0.15703125 0.059375 0.034375
0 0.59375 0.153125 0.075 0.0375
0 0.58046875 0.2203125 0.053125 0.028125
0 0.63125 0.4203125 0.125 0.04375
0 0.2 0.62421875 0.065625 0.053125
0 0.0421875 0.6578125 0.084375 0.04375
0 0.1015625 0.7609375 0.071875 0.0375
0 0.42109375 0.5109375 0.14375 0.0625
0 0.903125 0.4796875 0.053125 0.025
0 0.74453125 0.0296875 0.065625 0.028125