0 0.2578125 0.203125 0.278125 0.278125
0 0.303125 0.4609375 0.1875 0.15
0 0.60078125 0.43515625 0.2203125 0.2890625
0 0.60546875 0.19296875 0.1375 0.2109375
0 0.5609375 0.87734375 0.1453125 0.196875
0 0.66328125 0.65 0.1625 0.2
0 0.32421875 0.75234375 0.171875 0.28125
0 0.46953125 0.59453125 0.1109375 0.1296875
0 0.53828125 0.8140625 0.0921875 0.140625
0 0.13203125 0.4375 0.0796875 0.2078125
0 0.25078125 0.19296875 0.240625 0.2234375
0 0.246875 0.0421875 0.15 0.0796875
0 0.77421875 0.8328125 0.0921875 0.14375
0 0.83203125 0.50546875 0.109375 0.0859375
0 0.778125 0.3921875 0.0921875 0.1
0 0.421875 0.96953125 0.078125 0.0609375
0 0.50625 0.7 0.04375 0.0640625
0 0.45703125 0.21953125 0.078125 0.1296875
0 0.9 0.6078125 0.0515625 0.1609375