0 0.8078125 0.26328125 0.2875 0.2875
0 0.5421875 0.309375 0.1546875 0.19375
0 0.56875 0.6171875 0.2984375 0.228125
0 0.81875 0.621875 0.21875 0.1421875
0 0.11171875 0.57578125 0.203125 0.15
0 0.346875 0.68125 0.20625 0.16875
0 0.24140625 0.33125 0.290625 0.178125
0 0.40390625 0.48125 0.134375 0.115625
0 0.17734375 0.55234375 0.1453125 0.0953125
0 0.56640625 0.1328125 0.215625 0.08125
0 0.81875 0.25546875 0.23125 0.2484375
0 0.9671875 0.25078125 0.065625 0.1546875
0 0.1578125 0.79609375 0.1484375 0.0953125
0 0.49609375 0.85546875 0.0890625 0.1125
0 0.61328125 0.8 0.103125 0.0953125
0 0.02421875 0.43203125 0.0484375 0.08125
0 0.2953125 0.51953125 0.065625 0.0453125
0 0.79140625 0.46875 0.134375 0.08125
0 0.390625 0.92578125 0.165625 0.053125