0 0.41779952031249995 1 0.42172523906250003 0.9582185125 0.45367412187499995 0.9383832875 0.40681576250000007 0.873210403125 0.474973375 0.8052039140625 0.396166134375 0.75703265 0.364217253125 0.635187690625 0.41746538749999995 0.5700148046875 0.362087328125 0.5190099390625 0.3003194890625 0.58985003125 0.26411075624999997 0.5303443531250001 0.193823215625 0.502008315625 0.1299254515625 0.41133299843750004 0.06602768906249999 0.3263248859375 0.017039404687500002 0.3461601140625 0 0.323491284375 0 0.515993521875 0.0596379125 0.4878402984375 0.021299254687499998 0.5501795796875 0.078807240625 0.558680390625 0.13631522812500002 0.587016428125 0.10649627343750001 0.6408548984375 0.0489882859375 0.6323540875 0.0255591046875 0.6861925578125 0.034078806249999996 0.7513654421875 0.068157615625 0.8052039140625 0.06602768906249999 0.8703767984375 0.06602768906249999 0.92421526875 0.019235129687499998 1 0.41779952031249995 1
0 0.49140625 0.63125 0.146875 0.10625
0 0.6109375 0.50078125 0.1625 0.171875
0 0.77734375 0.6421875 0.2171875 0.259375
0 0.65390625 0.8859375 0.0515625 0.10625
0 0.58046875 0.20625 0.096875 0.1453125
0 0.86171875 0.4625 0.0828125 0.0734375
0 0.96484375 0.41015625 0.0703125 0.10625
0 0.9171875 0.778125 0.0578125 0.128125
0 0.77734375 0.84765625 0.05625 0.125
0 0.23984375 0.128125 0.075 0.084375
0 0.5078125 0.3890625 0.075 0.090625