4 0.0328125 0.1359375 0.0625 0.1921875
4 0.084375 0.7875 0.16875 0.421875
4 0.3515625 0.25 0.1890625 0.5
4 0.31171875 0.90390625 0.1046875 0.1921875
4 0.41328125 0.7515625 0.1578125 0.2296875
4 0.528125 0.5296875 0.153125 0.2546875
4 0.54609375 0.1859375 0.1140625 0.2
4 0.134375 0.115625 0.1296875 0.2140625
4 0.08203125 0.38984375 0.1515625 0.3171875
4 0.55859375 0.7515625 0.0859375 0.2125
4 0.66015625 0.48984375 0.115625 0.375
4 0.75 0.1671875 0.215625 0.334375
4 0.76796875 0.38984375 0.1234375 0.146875
4 0.81171875 0.6875 0.1296875 0.2953125
4 0.940625 0.21171875 0.1140625 0.34375
4 0.96875 0.6125 0.0625 0.3125
4 0.8373333328125 0.9057142859375 0.8240000000000001 0.8257142859375 0.748 0.8171428578125 0.728 0.7371428578125 0.6786666671875 0.8028571421875 0.6706666671875 0.8142857140625 0.6786666671875 0.9257142859374999 0.7146666671874999 0.9228571421874999 0.772 0.9942857140625 0.8373333328125 0.9057142859375