0 0.488435603125 0 0.513980475 0.054112553125 0.45062919375000005 0.0151515140625 0.44199038125 0.0735930734375 0.41319434375 0.13203463124999998 0.35848187343750004 0.10173160156250001 0.3671206828125 0.04329004375 0.3124082125 0.019480518750000002 0.24617732656250002 0.028138528125 0.191464853125 0.0627705640625 0.1252339671875 0.060606059375 0.070521496875 0.060606059375 0 0.017063235937499997 0 0.41869859218750005 0.0359662515625 0.422077921875 0.056123476562499997 0.45454545468749996 0.1223543640625 0.4069264078125 0.191464853125 0.476190475 0.24041811875 0.396103896875 0.36424108125 0.3636363640625 0.43047196718749997 0.4177489171875 0.482304834375 0.3614718625 0.41031474062499995 0.29870129843750004 0.4707864203125 0.2619047609375 0.4995824578125 0.190476190625 0.591729778125 0.125541125 0.678117890625 0.060606059375 0.6579606640625 0.0108225109375 0.6723586828125 0 0.488435603125 0
0 0.36875 0.49296875 0.10625 0.15
0 0.50078125 0.6140625 0.175 0.165625
0 0.35703125 0.78359375 0.2625 0.221875
0 0.109375 0.65859375 0.10625 0.0515625
0 0.8 0.58359375 0.146875 0.0984375
0 0.53984375 0.86953125 0.075 0.084375
0 0.59140625 0.96875 0.1078125 0.0625
0 0.21953125 0.925 0.1296875 0.059375
0 0.1484375 0.78359375 0.1265625 0.0578125
0 0.8796875 0.23671875 0.0859375 0.0765625
0 0.6140625 0.509375 0.0921875 0.0765625