4 0.02578125 0.87578125 0.0515625 0.1953125
4 0.078125 0.2140625 0.15625 0.428125
4 0.3421875 0.75234375 0.1921875 0.4953125
4 0.30234375 0.09609375 0.10625 0.1921875
4 0.40546875 0.24921875 0.1609375 0.234375
4 0.521875 0.47421875 0.15625 0.259375
4 0.540625 0.8234375 0.115625 0.203125
4 0.12109375 0.89375 0.1328125 0.2125
4 0.07265625 0.6171875 0.1453125 0.321875
4 0.553125 0.24921875 0.0875 0.215625
4 0.65625 0.51484375 0.1171875 0.38125
4 0.746875 0.83671875 0.21875 0.3265625
4 0.765625 0.61640625 0.125 0.15
4 0.81015625 0.3140625 0.13125 0.3
4 0.94140625 0.79765625 0.115625 0.35
4 0.96875 0.390625 0.0625 0.3171875
4 0.7699682546875 0.0026303859374999998 0.71172486875 0.07519274375 0.6751534390625 0.07229024843750001 0.66702645625 0.185487528125 0.6751534390625 0.19709750625 0.725269840625 0.263854875 0.7455873015625001 0.1825850328125 0.8227936515625001 0.1738775515625 0.8363386234375 0.092607709375 0.7699682546875 0.0026303859374999998