0 0.0666666671875 0.3658536578125 0.12291666718750001 0.357538803125 0.1520833328125 0.41019955625 0.0958333328125 0.4379157421875 0.0395833328125 0.4462305984375 0.0770833328125 0.5072062078124999 0.0125 0.476718403125 0 0.6042128609375 0.0020833328125000002 0.6901330375 0.0354166671875 0.6457871390625 0.08333333281250001 0.6651884703125 0.1458333328125 0.5820399109375 0.20833333281250002 0.493348115625 0.2770833328125 0.4656319296875 0.3125 0.40742793749999995 0.3729166671875 0.476718403125 0.4270833328125 0.42682926875 0.375 0.363082040625 0.40625 0.24390243906250003 0.48333333281249996 0.19678492187500002 0.4166666671875 0.130266075 0.4625 0.06651884687500001 0.43125 0.0471175171875 0.4270833328125 0.00277161875 0.2 0 0.0354166671875 0.00277161875 0.08333333281250001 0.080376940625 0.08333333281250001 0.13303769375000002 0.08541666718749999 0.19678492187500002 0.05208333281250001 0.2494456765625 0.04375 0.3131929046875 0.0666666671875 0.3658536578125
0 0.49921875 0.3671875 0.14375 0.103125
0 0.61640625 0.49453125 0.159375 0.16875
0 0.77890625 0.35625 0.2125 0.253125
0 0.65859375 0.11796875 0.05 0.103125
0 0.58671875 0.7828125 0.09375 0.1421875
0 0.86171875 0.53203125 0.08125 0.071875
0 0.9640625 0.5828125 0.071875 0.103125
0 0.915625 0.2234375 0.05625 0.125
0 0.77890625 0.15546875 0.0546875 0.121875
0 0.253125 0.859375 0.0734375 0.0828125
0 0.515625 0.60390625 0.0734375 0.0890625