4 0.9671875 0.1359375 0.0625 0.1921875
4 0.915625 0.7875 0.16875 0.421875
4 0.6484375 0.25 0.1890625 0.5
4 0.68828125 0.90390625 0.1046875 0.1921875
4 0.58671875 0.7515625 0.1578125 0.2296875
4 0.471875 0.5296875 0.153125 0.2546875
4 0.45390625 0.1859375 0.1140625 0.2
4 0.865625 0.115625 0.1296875 0.2140625
4 0.91796875 0.38984375 0.1515625 0.3171875
4 0.44140625 0.7515625 0.0859375 0.2125
4 0.33984375 0.48984375 0.115625 0.375
4 0.25 0.1671875 0.215625 0.334375
4 0.23203125 0.38984375 0.1234375 0.146875
4 0.18828125 0.6875 0.1296875 0.2953125
4 0.059375 0.21171875 0.1140625 0.34375
4 0.03125 0.6125 0.0625 0.3125
4 0.3213333328125 0.9257142859374999 0.3293333328125 0.8142857140625 0.3213333328125 0.8028571421875 0.272 0.7371428578125 0.252 0.8171428578125 0.176 0.8257142859375 0.1626666671875 0.9057142859375 0.22799999999999998 0.9942857140625 0.2853333328125 0.9228571421874999 0.3213333328125 0.9257142859374999