0 0.196875 0.58515625 0.0875 0.1515625
0 0.35 0.5109375 0.159375 0.2375
0 0.40234375 0.29609375 0.125 0.1265625
0 0.41171875 0.70078125 0.115625 0.1484375
0 0.55234375 0.8109375 0.0671875 0.1453125
0 0.56484375 0.91875 0.065625 0.065625
0 0.528125 0.60625 0.115625 0.1375
0 0.5703125 0.4765625 0.165625 0.071875
0 0.66953125 0.609375 0.075 0.1421875
0 0.821875 0.62734375 0.178125 0.128125
0 0.70390625 0.83359375 0.075 0.1125
0 0.79296875 0.815625 0.059375 0.090625
0 0.96875 0.65546875 0.0625 0.1234375
0 0.58359375 0.709375 0.071875 0.0625