0 0.20078125 0.41875 0.0875 0.15
0 0.3515625 0.4921875 0.1578125 0.234375
0 0.40390625 0.7046875 0.1234375 0.125
0 0.4125 0.3046875 0.1140625 0.146875
0 0.5515625 0.19609375 0.065625 0.14375
0 0.5640625 0.08984375 0.0640625 0.0640625
0 0.528125 0.3984375 0.1140625 0.1359375
0 0.56953125 0.5265625 0.1625 0.071875
0 0.6671875 0.3953125 0.0734375 0.140625
0 0.81796875 0.37734375 0.175 0.1265625
0 0.7015625 0.1734375 0.0734375 0.1109375
0 0.7890625 0.19140625 0.059375 0.090625
0 0.96640625 0.35 0.0671875 0.121875
0 0.5828125 0.29609375 0.0703125 0.0625