0 0.8140625 0.58984375 0.090625 0.1546875
0 0.659375 0.51484375 0.1625 0.240625
0 0.60546875 0.29609375 0.128125 0.128125
0 0.59609375 0.70703125 0.1171875 0.15
0 0.453125 0.81875 0.0671875 0.146875
0 0.440625 0.928125 0.065625 0.065625
0 0.47734375 0.6109375 0.1171875 0.140625
0 0.43515625 0.47890625 0.1671875 0.075
0 0.334375 0.6140625 0.0765625 0.14375
0 0.17890625 0.6328125 0.1796875 0.13125
0 0.29921875 0.8421875 0.075 0.1140625
0 0.209375 0.82421875 0.0609375 0.09375
0 0.03046875 0.6609375 0.0609375 0.125
0 0.42109375 0.71640625 0.071875 0.0640625