0 0.296875 0.0734375 0.16875 0.1203125
0 0.4453125 0.4890625 0.2875 0.2328125
0 0.621875 0.24140625 0.0671875 0.19375
0 0.4546875 0.09296875 0.028125 0.103125
0 0.4046875 0.30703125 0.071875 0.096875
0 0.6296875 0.490625 0.0484375 0.0703125
0 0.8015625 0.4484375 0.059375 0.1640625
0 0.38125 0.7875 0.1890625 0.153125
0 0.534375 0.696875 0.0859375 0.0890625
0 0.91796875 0.628125 0.046875 0.09375
0 0.7640625 0.69296875 0.0796875 0.096875
0 0.71640625 0.903125 0.078125 0.078125
0 0.58515625 0.84140625 0.1484375 0.1171875
0 0.58828125 0.115625 0.03125 0.053125
0 0.50546875 0.1625 0.0296875 0.0359375
0 0.259375 0.225 0.040625 0.1109375