0 0.70390625 0.93046875 0.171875 0.121875
0 0.55390625 0.509375 0.290625 0.2359375
0 0.375 0.76015625 0.06875 0.196875
0 0.54453125 0.9109375 0.028125 0.1046875
0 0.5953125 0.69375 0.071875 0.0984375
0 0.3671875 0.5078125 0.05 0.071875
0 0.19296875 0.55078125 0.059375 0.165625
0 0.61875 0.20703125 0.190625 0.1546875
0 0.46328125 0.29921875 0.0875 0.090625
0 0.075 0.36875 0.046875 0.0953125
0 0.23125 0.303125 0.08125 0.0984375
0 0.27890625 0.08984375 0.078125 0.078125
0 0.4125 0.15234375 0.15 0.11875
0 0.409375 0.8875 0.03125 0.053125
0 0.49296875 0.83984375 0.0296875 0.0375
0 0.7421875 0.7765625 0.040625 0.1125