0 0.703125 0.9265625 0.16875 0.1203125
0 0.5546875 0.5109375 0.2875 0.2328125
0 0.378125 0.75859375 0.0671875 0.19375
0 0.5453125 0.90703125 0.028125 0.103125
0 0.5953125 0.69296875 0.071875 0.096875
0 0.3703125 0.509375 0.0484375 0.0703125
0 0.1984375 0.5515625 0.059375 0.1640625
0 0.61875 0.2125 0.1890625 0.153125
0 0.465625 0.303125 0.0859375 0.0890625
0 0.08203125 0.371875 0.046875 0.09375
0 0.2359375 0.30703125 0.0796875 0.096875
0 0.28359375 0.096875 0.078125 0.078125
0 0.41484375 0.15859375 0.1484375 0.1171875
0 0.41171875 0.884375 0.03125 0.053125
0 0.49453125 0.8375 0.0296875 0.0359375
0 0.740625 0.775 0.040625 0.1109375