0 0.3234375 0.47578125 0.0734375 0.3359375
0 0.61176470625 0.2661498703125 0.64 0.1576227390625 0.642352940625 0.1111111109375 0.6094117640625 0.095607234375 0.5764705875 0.1188630484375 0.5694117640624999 0.19379845 0.5247058828125 0.24806201562500002 0.48470588281250004 0.3255813953125 0.39058823593750003 0.40310077499999997 0.437647059375 0.509043928125 0.5105882359375 0.5813953484375001 0.5694117640624999 0.51162790625 0.5811764703125 0.4186046515625 0.5976470593750001 0.36175710625 0.61176470625 0.2661498703125
0 0.3703125 0.715625 0.0875 0.0875
0 0.3421875 0.83046875 0.071875 0.1171875
0 0.44140625 0.796875 0.0734375 0.1015625
0 0.48828125 0.721875 0.05 0.034375
0 0.51328125 0.6125 0.084375 0.0734375
0 0.5390625 0.6921875 0.0609375 0.0625
0 0.5984375 0.63828125 0.0546875 0.0625
0 0.762352940625 0.4341085265625 0.7670588234375 0.3875969 0.7247058828124999 0.37726098124999996 0.682352940625 0.42894056875000003 0.6352941171875 0.4806201546875 0.614117646875 0.576227390625 0.654117646875 0.609819121875 0.6847058828125 0.5478036171875 0.7176470593750001 0.49612403125000004 0.762352940625 0.4341085265625
0 0.8 0.32421875 0.09375 0.0859375
0 0.42265625 0.56484375 0.078125 0.075
0 0.52109375 0.79609375 0.078125 0.0875
0 0.371875 0.58671875 0.0234375 0.0578125