0 0.675 0.5109375 0.0765625 0.35
0 0.41243315625 0.8813760531250001 0.4197669984375 0.8035210906250001 0.4662146671875 0.7471433609375 0.507773109375 0.6666037453125 0.6055576765625 0.5860641296875 0.5566653921875 0.475993321875 0.4808823515625 0.4008230140625 0.4197669984375 0.47330866875 0.40754392656249994 0.56995620625 0.39043162656249997 0.629018590625 0.3757639421875 0.728350784375 0.346428571875 0.8411062453125 0.3439839578125 0.8894300140625001 0.37820855625 0.9055379390624999 0.41243315625 0.8813760531250001
0 0.6265625 0.26171875 0.090625 0.090625
0 0.65546875 0.1421875 0.075 0.121875
0 0.553125 0.1765625 0.0765625 0.10625
0 0.50390625 0.2546875 0.0515625 0.0359375
0 0.478125 0.36875 0.0875 0.0765625
0 0.4515625 0.2859375 0.0625 0.065625
0 0.38984375 0.34140625 0.0578125 0.065625
0 0.3513178 0.5055245140625 0.373319328125 0.406192321875 0.33176088593749997 0.371291821875 0.2999809015625 0.4357235140625 0.2657563015625 0.489416590625 0.21930863281250002 0.553848284375 0.2144194046875 0.6021720515625 0.258422459375 0.61291066875 0.30242551562500003 0.559217590625 0.3513178 0.5055245140625
0 0.18046875 0.66796875 0.0984375 0.0890625
0 0.571875 0.41796875 0.08125 0.078125
0 0.4703125 0.178125 0.08125 0.090625
0 0.625 0.3953125 0.025 0.059375