0 0.5234375 0.68984375 0.3453125 0.075
0 0.640635775 0.4075657265625 0.5821431234375 0.42451295624999996 0.48642787812500005 0.43661812031249997 0.4146414421875 0.4971439375 0.4890866328125 0.5721959515624999 0.598095665625 0.62061660625 0.677858371875 0.523775296875 0.7576210765625 0.482617740625 0.8134549703125 0.43661812031249997 0.8905589218750001 0.429355021875 0.9144877328125001 0.3954605640625 0.8985351906249999 0.36156610625 0.8506775671875 0.3639871375 0.7390097796874999 0.39303953125 0.640635775 0.4075657265625
0 0.2765625 0.64140625 0.090625 0.090625
0 0.15859375 0.6703125 0.1203125 0.075
0 0.19296875 0.56796875 0.1046875 0.075
0 0.2703125 0.5203125 0.034375 0.0515625
0 0.3828125 0.49453125 0.075 0.0875
0 0.30078125 0.46796875 0.0640625 0.0625
0 0.35625 0.40703125 0.0640625 0.05625
0 0.50238041875 0.2840930578125 0.44920528125 0.317987515625 0.385395115625 0.3494609421875 0.4199589546875 0.39061849843749996 0.518332959375 0.3688292046875 0.5715080968749999 0.32040855 0.6246832343750001 0.276829959375 0.61404820625 0.233251371875 0.5661905843749999 0.23809343749999998 0.50238041875 0.2840930578125
0 0.67890625 0.19921875 0.0875 0.096875
0 0.43203125 0.5875 0.078125 0.08125
0 0.19375 0.48671875 0.090625 0.08125
0 0.409375 0.63984375 0.059375 0.025