2 0.45264790781249997 0.278103665625 0.4304547796875 0.283215421875 0.4163318796875 0.325813390625 0.43247233749999997 0.36329960156249996 0.4607181359375 0.3581878453125 0.48291126406249996 0.310478121875 0.45264790781249997 0.278103665625
2 0.19036548281250001 0.6086638921875 0.18431281093750002 0.56436200625 0.166154796875 0.5388032265625 0.12378609843749999 0.5439149828125001 0.131856328125 0.5728816 0.1459792265625 0.6171834859375 0.16413724062499999 0.6308148359375 0.18229525468750002 0.634222671875 0.19036548281250001 0.6086638921875
2 0.6059822484375 0.58821686875 0.573701334375 0.6052560546875 0.589841790625 0.6239991609375 0.646333390625 0.593328625 0.6483509484375001 0.5422110640625 0.6160700328125001 0.49279742187500003 0.5716837765625 0.491093503125 0.529315078125 0.5030209328125 0.52326240625 0.5285797140625 0.5272975203125 0.5626580890625 0.5837891203125001 0.5558424125 0.6140524765625 0.5336914703125 0.6201051484375 0.5456189 0.6059822484375 0.58821686875
2 0.96953125 0.35546875 0.0609375 0.0703125
2 0.8140625 0.4171875 0.190625 0.159375
2 0.646875 0.6515625 0.090625 0.059375
2 0.80703125 0.64609375 0.084375 0.05625
2 0.9015625 0.553125 0.0953125 0.0640625
2 0.28515625 0.640625 0.125 0.1390625
2 0.36015625 0.75546875 0.0828125 0.0875
2 0.4671875 0.8703125 0.1109375 0.05625
2 0.3390625 0.95625 0.1953125 0.0875
2 0.21171875 0.978125 0.0609375 0.04375
2 0.7359375 0.865625 0.11875 0.06875
2 0.8234375 0.8234375 0.040625 0.046875
2 0.5151921781250001 0.5963408109375 0.470805921875 0.6150839171875 0.47887614999999994 0.6355309421875 0.5030868359375 0.6457544546875 0.52326240625 0.633827021875 0.5494906484375 0.6321231046875 0.5615959921875 0.671313234375 0.5252799640625 0.695168096875 0.5111570640624999 0.7156151203125 0.5394028640624999 0.7156151203125 0.5837891203125001 0.703687690625 0.6160700328125001 0.667905396875 0.6039646921874999 0.6236035109375 0.5535257625 0.58782121875 0.5151921781250001 0.5963408109375
2 0.328125 0.38125 0.0953125 0.040625
2 0.453125 0.39609375 0.1390625 0.05625
2 0.2015625 0.73515625 0.0515625 0.0375