2 0.5200001265624999 0.3112846453125 0.541915840625 0.358397996875 0.5698085671875 0.36344585625 0.5857472687499999 0.3264282234375 0.5718009046875 0.2843627296875 0.549885190625 0.2793148703125 0.5200001265624999 0.3112846453125
2 0.8168584359375 0.6309823890625 0.834789475 0.6276171500000001 0.8527205140625 0.6141561921875 0.8666668765625 0.5704080796875 0.8746362281250001 0.5418035453125001 0.8327971375000001 0.5367556859375 0.8148660984375 0.56199498125 0.8088890859375001 0.60574309375 0.8168584359375 0.6309823890625
2 0.384521165625 0.5434861640624999 0.3904981796875 0.5317078265624999 0.42038324375 0.5535818828125 0.47616869843750004 0.5603123625 0.4801533734375 0.5266599671875001 0.4741763609375 0.501420671875 0.4323372703125 0.48964233437500004 0.3885058421875 0.4913249546875 0.35662843906249997 0.540120925 0.3586207765625 0.5905995171875 0.41440623125 0.620886671875 0.43034493281249997 0.6023778546874999 0.3984675296875 0.5855516578125 0.384521165625 0.5434861640624999
2 0.03515625 0.35625 0.0703125 0.06875
2 0.19296875 0.41640625 0.1875 0.15625
2 0.3578125 0.6484375 0.090625 0.059375
2 0.2 0.64296875 0.0828125 0.0546875
2 0.10625 0.55078125 0.09375 0.0625
2 0.715625 0.6375 0.1234375 0.1375
2 0.64140625 0.75078125 0.0828125 0.0875
2 0.53515625 0.8640625 0.109375 0.05625
2 0.6625 0.953125 0.1921875 0.0921875
2 0.7890625 0.975 0.0609375 0.05
2 0.2703125 0.859375 0.1171875 0.0671875
2 0.18359375 0.81796875 0.040625 0.0453125
2 0.450268309375 0.585160953125 0.4004598671875 0.6204959671875 0.3885058421875 0.6642440796875 0.42038324375 0.6995790937499999 0.46421467187500004 0.71135743125 0.4921074 0.71135743125 0.4781610359375 0.6911659953125 0.44229895781249995 0.6676093187500001 0.45425298437499995 0.628909065625 0.4801533734375 0.630591684375 0.5000767500000001 0.6423700234374999 0.5239848015625 0.6322743046875 0.5319541515624999 0.6120828687500001 0.4881227234375 0.5935740515625 0.450268309375 0.585160953125
2 0.67265625 0.38125 0.09375 0.040625
2 0.54921875 0.39609375 0.1375 0.0546875
2 0.79765625 0.73046875 0.05 0.0359375