2 0.5934575421875 0.6715649796875 0.5772658453124999 0.633959765625 0.548930378125 0.6390877484375 0.5266667953125 0.68694893125 0.557026225 0.7194261640625 0.5792898078125 0.7142981796875 0.5934575421875 0.6715649796875
2 0.8444288375 0.45789898593749995 0.8869320406250001 0.4527710015625 0.8788361921875 0.42371242656249997 0.864668459375 0.3792699 0.8464528 0.3655952765625 0.828237140625 0.3621766203125 0.8201412937500001 0.3878165390625 0.8262131796875 0.4322590671875 0.8444288375 0.45789898593749995
2 0.41939680625 0.37243258749999997 0.36272586875 0.403200490625 0.36070190625 0.4544803296875 0.39308529999999997 0.5040508390625 0.437612465625 0.50576016875 0.48011566875 0.49379487343750006 0.48618755468749997 0.4681549546875 0.4821396296875 0.43396839375 0.4254686921875 0.44080570625000004 0.3951092625 0.4630269703125 0.389037375 0.45106167499999994 0.403205109375 0.40832847499999997 0.43558850312499997 0.3912351953125 0.41939680625 0.37243258749999997
2 0.03515625 0.64140625 0.06875 0.06875
2 0.19453125 0.58046875 0.190625 0.159375
2 0.36171875 0.34453125 0.0921875 0.059375
2 0.2015625 0.35 0.084375 0.05625
2 0.10625 0.44375 0.0953125 0.0625
2 0.72578125 0.35546875 0.125 0.140625
2 0.65 0.240625 0.084375 0.0890625
2 0.5421875 0.12578125 0.1109375 0.05625
2 0.6703125 0.04140625 0.1953125 0.0828125
2 0.7984375 0.01953125 0.0625 0.0390625
2 0.27265625 0.13046875 0.11875 0.06875
2 0.18515625 0.171875 0.040625 0.046875
2 0.53071471875 0.3608641984375 0.506427175 0.3506082296875 0.48618755468749997 0.36257352656249997 0.459876046875 0.3642828546875 0.447732275 0.3249683109375 0.48416359218749994 0.30103771875 0.4983313265625 0.28052578437500003 0.4699958578125 0.28052578437500003 0.4254686921875 0.2924910796875 0.39308529999999997 0.3283869671875 0.405229071875 0.37282949374999996 0.4558281234375 0.40872538125 0.49428340156250006 0.40017874062500003 0.5388105671875 0.3813761328125 0.53071471875 0.3608641984375
2 0.68203125 0.615625 0.0953125 0.040625
2 0.55625 0.60078125 0.140625 0.05625
2 0.80859375 0.2609375 0.05 0.0375